
ID  0 (2, 3, 0) (0, 1, 0) 
ID  0 (2, 3, 0) (0, -1.0, 0) 
 turn180

ID  0 (2, 1, 0) (0, 1, 0) 
ID  0 (2, 1, 0) (0, -1.0, 0) 
 turn180

ID  0 (1, 4, 0) (0, 1, 0) 
ID  0 (1, 4, 0) (1.0, 1.0, 0) 
 turn45

ID  0 (1, 0, 1) (0, 1, 0) 
ID  0 (1, 1, 1) (0, 1, 0) 
 advance0,1

ID  0 (1, 1, 0) (0, 1, 0) 
ID  0 (1, 1, 0) (0, 1, 0) 
 doNothing

ID  1 (6, 4, 0) (0, 1, 0) 
ID  1 (6, 4, 0) (0, 1, 0) 
 *

ID  1 (5, 0, 0) (0, 1, 0) 
ID  1 (5, 0, 0) (0, 1, 0) 
 *

ID  1 (7, 2, 0) (0, 1, 0) 
ID  1 (7, 2, 0) (0, 1, 0) 
 *

ID  1 (9, 4, 1) (0, 1, 0) 
ID  1 (9, 4, 1) (0, 1, 0) 
 *

ID  1 (7, 0, 0) (0, 1, 0) 
ID  1 (7, 0, 0) (0, 1, 0) 
 *

ID  4 (0, 5, 0) (0, 1, 0) 
ID  4 (0, 5, 0) (0, 1, 0) 
 *

ID  4 (1, 5, 0) (0, 1, 0) 
ID  4 (1, 5, 0) (0, 1, 0) 
 *

ID  4 (2, 5, 0) (0, 1, 0) 
ID  4 (2, 5, 0) (0, 1, 0) 
 *

ID  4 (3, 5, 0) (0, 1, 0) 
ID  4 (3, 5, 0) (0, 1, 0) 
 *

ID  4 (5, 5, 0) (0, 1, 0) 
ID  4 (5, 5, 0) (0, 1, 0) 
 *

ID  4 (6, 5, 0) (0, 1, 0) 
ID  4 (6, 5, 0) (0, 1, 0) 
 *

ID  4 (7, 5, 0) (0, 1, 0) 
ID  4 (7, 5, 0) (0, 1, 0) 
 *

ID  4 (8, 5, 0) (0, 1, 0) 
ID  4 (8, 5, 0) (0, 1, 0) 
 *

ID  4 (9, 5, 0) (0, 1, 0) 
ID  4 (9, 5, 0) (0, 1, 0) 
 *

ID  2 (3, 6, 0) (0, 1, 0) 
ID  2 (3, 6, 0) (0, 1, 0) 
 *

ID  2 (3, 7, 0) (0, 1, 0) 
ID  2 (3, 7, 0) (0, 1, 0) 
 *

ID  2 (1, 9, 0) (0, 1, 0) 
ID  2 (1, 9, 0) (0, 1, 0) 
 *

ID  2 (3, 8, 1) (0, 1, 0) 
ID  2 (3, 8, 1) (0, 1, 0) 
 *

ID  2 (2, 6, 0) (0, 1, 0) 
ID  2 (2, 6, 0) (0, 1, 0) 
 *

ID  3 (8, 8, 0) (0, 1, 0) 
ID  3 (8, 8, 0) (0, 1, 0) 
 *

ID  3 (7, 8, 0) (0, 1, 0) 
ID  3 (7, 8, 0) (0, 1, 0) 
 *

ID  3 (8, 10, 0) (0, 1, 0) 
ID  3 (8, 10, 0) (0, 1, 0) 
 *

ID  3 (6, 9, 1) (0, 1, 0) 
ID  3 (6, 9, 1) (0, 1, 0) 
 *

ID  3 (9, 8, 0) (0, 1, 0) 
ID  3 (9, 8, 0) (0, 1, 0) 
 *
